15078.5, 10954.0
14295.0, 8459.0
9830.5, 8127.5, 5161.5, 7301.5, 9656.5, 13806.5, 11196.5, 12673.5, 15111.0
9763.5, 14462.0, 3426.0
6073.5, 6427.5, 12347.5, 12554.5

2908.5, 16933.0, 18267.0, 13877.5
13938.0, 11152.5, 14170.5, 8470.5, 12805.0, 7871.5

12154.5, 8993.0, 10427.5
3687.5, 2516.5, 8974.0, 11369.0, 7474.0, 9338.0, 15964.0
16777.5, 8649.0, 6992.0
16449.5
1571.0, 15425.5, 5768.5
14542.0, 14913.5, 6570.0, 10777.5, 8514.0, 6850.0

7599.5, 9578.0
11317.0, 4020.0, 13565.0, 2316.5
11585.0, 12273.0, 15806.0, 11083.0
10022.5, 4814.5
7345.0, 6378.5, 11288.5
17585.0, 8566.0, 5778.5
11977.5, 9987.5, 14223.0
5559.0, 2780.5, 9606.5
14129.0, 15775.0, 15494.0
193.5, 11617.5
9370.0, 9978.5, 9621.5, 12308.5
9452.0, 13210.5, 1397.5, 13748.0
1387.0, 9485.0, 9060.0, 10223.0
7348.0, 7360.0, 10668.5
2485.5, 15971.0, 12033.5
12955.0, 12528.0, 11752.0
16941.5, 8286.0
812.0, 15745.5, 7576.5, 15464.5, 6820.5, 1494.5
11082.0, 10672.5, 8021.0
9395.0, 10750.5, 17313.5, 10345.5, 905.0, 7323.0
13521.0, 8863.5, 14946.0, 14796.5, 11310.5
3967.0, 11993.5, 5595.0, 6523.5
10128.0, 9961.0, 10679.0, 17572.0
9638.0
12482.0, 14080.5, 9410.0, 3414.5, 12888.0
12764.5, 10118.5, 3140.0, 15522.0, 8034.5, 11234.0
10177.5, 14512.0, 2893.0, 6713.5
14577.0, 8985.0, 16141.0, 8867.0, 4460.0, 13968.0, 4206.0
11959.0, 19179.5, 12012.5, 8887.0
11285.0, 17245.0
11029.5, 8039.0, 4646.5, 16137.0
10211.5, 13443.5, 7541.0, 7682.5, 12786.5
6650.0, 5628.0, 7626.0, 8860.5, 7800.0
7813.5, 5850.0, 4856.0
13950.5, 10459.5, 10593.0
9607.0, 4184.5, 15006.0
10448.0, 9291.5
10281.5, 11304.5
9372.5, 8457.0, 11160.5, 11153.5, 9487.5, 10564.5
8273.0, 8615.0, 5622.0, 10007.5, 5350.0, 13651.5
2961.5, 6746.5
8885.0, 8988.0
11113.0
4460.0, 11930.5, 7828.5, 5197.0
7898.0, 8354.0
5537.5, 8924.5, 8188.5, 5148.0, 11779.5, 7984.0
2321.5, 13863.0, 7152.5, 11338.0
13091.0, 9972.0, 18579.5, 791.5, 1621.5, 9137.0
15036.5, 1078.0, 9290.5, 7383.0, 18183.0, 8781.5, 12401.0
14274.0, 8737.5, 6274.0
8958.0, 6353.0, 13492.5

12205.5, 8748.5
18519.5, 14284.0, 18177.5, 13445.0, 10763.0, 9929.0, 8338.0

14846.5, 316.0, 4889.0, 9118.0, 12353.5
5031.5, 11723.5
16909.5, 13420.5, 1273.5
7188.5, 8856.5
14128.0, 5732.5
12925.5, 17021.5, 11652.5, 10643.5, 7848.5, 14062.5, 15309.5
9729.0, 7885.5, 9779.0
6229.5, 7865.0

11909.0, 8932.0, 8608.0
6957.5, 8300.5, 5564.5
17064.5, 3698.5
12502.5, 12784.0, 5424.0, 11796.5
