-8347338629
2928246078
4646194411
11103877200
2426452027
702406840
-4791859150
-4404510381
-1899906507
3647831879
-8855003302
11172858656
-5863090856
-2964721695
-16043671061
2014359840
-2816727462
-5967339736
-2990572039
1132145714
440163308
1691411116
1072325780
-381128308
466259153
-4791044769
1419433522
-9844281082
133374963
-7228438775
-767973846
2498273556
-16583102474
-13523430329
4549576488
17116086526
2873470608
-12225496646
8209913371
-4392405667
-3462493956
-4591532786
5751231992
-9949298254
-8622026347
-1645320522
1723793983
-8420759906
1057845266
-6950065346
-7995903405
949330572
-6346427664
-613553464
7892753948
-4325820089
4671977900
4597336339
